D50 pin, header, pin
1, 		disconnected
2,		1, 7
3,		4, 7
4,		4, 8
5,		5, 1
6,		5, 2
7,		5, 3
8,		5, 4
9,		5, 5
10,		5, 6
11,		5, 7
12,		5, 8
13,		6, 1
14,		6, 2
15,		6, 3
16,		6, 4
17,		6, 5
18,		6, 6
19,		6, 7
20,		6, 8
21,		1, 1
22,		1, 2
23,		1, 3
24,		1, 4
25,		1, 5
26,		1, 6
27,		disconnected
28,		1, 8
29,		2, 1
30,		2, 2
31,		2, 3
32,		2, 4
33,		2, 5
34,		4, 6
35,		4, 5
36,		4, 4
37,		4, 3
38,		4, 2
39,		4, 1
40,		3, 8
41,		3, 7
42,		3, 6
43,		3, 5
44,		3, 4
45,		3, 3
46,		3, 2
47,		3, 1
48,		2, 8
49,		2, 7
50,		2, 6
